10000000000000000000000000000000000000000000000000000000001
02222222222222222222222222222222222222222222222222222222220
02222222222222222222222222222222222222222222222222222222220
02222222222222222222222222222222222222222222222222222222220
02222222222222222222222222222222222222222222222222222222220
02222222222222222222222222222222222222222222222222222222220
02222222222222222222222222222222222222222222222222222222220
02222222222222222222222222222222222222222222222222222222220
02222222222222222222222222222222222222222222222222222222220
02222222222222222222222222222222222222222222222222222222220
02222222222222222222222222222222222222222222222222222222220
02222222222222222222222222222222222222222222222222222222220
02222222222222222222222222222222222222222222222222222222220
02222222222222222222222222222222222222222222222222222222220
02222222222222222222222222222222222222222222222222222222220
02222222222222222222222222222222222222222222222222222222220
02222222222222222222222222222222222222222222222222222222220
02222222222222222222222222222222222222222222222222222222220
02222222222222222222222222222222222222222222222222222222220
02222222222222222222222222222222222222222222222222222222220
10000000000000000000000000000000000000000000000000000000001
